358.495
1435057.3
358.67
358.313
358.195
358.193
861208.3
358.331
1300224.5
358.453
2820002.3
358.494
358.191
358.518
358.507
358.517
358.501
358.171
358.508
358.512
358.511
358.505
358.504
358.516
358.509
358.200
358.460
358.194
358.311
358.515
358.497
358.496
358.519
358.502
358.503
358.500
358.488
358.506
358.290
358.192
1176649.26
1176649.39
1176649.41
1176649.27
1176649.35
1176649.40
176299.10
1176649.28
1176649.29
1176649.17
2579248.3
1176649.37
1176649.16
358.324
1279031.6
358.73
1183413.7
358.182
358.510
358.250
358.513
358.499
2580515.3
358.498
358.253
358.252
358.249
358.251
358.520
358.514
359.65
373.171
373.194
373.193
311402.9
373.169
373.170
373.175
373.195
373.192
160699.4
160699.7
28099.15
2735528.3
2735528.4
2735525.3
1842536.3
2664893.3
359.260
359.261
311403.8
