1423.743
72361.9
1396.3167
2748178.3
1423.2310
1452.98
580165.47
492670.88
293387.278
492670.283
561879.246
1396.3260
1409.7
260554.81
561879.295
492670.3
1396.3703
1423.139
1402.140
1423.2413
1396.2220
293387.104
492670.658
1396.546
1423.884
1423.907
1392.1036
2842458.3
1648923.25
1423.751
492670.441
96241.11
1428.325
2026186.116
1392.503
1392.232
260554.62
2026188.28
2217830.3
135461.245
1648923.233
1405.261
1423.136
1408.517
1423.1718
1423.1321
1423.1859
1444.16
1423.755
492670.657
492670.184
2217832.3
1423.2312
492670.968
1390.869
1423.744
135461.236
492670.76
492670.1314
535024.8
1396.1066
1428.401
1423.323
1428.1916
492670.1507
492670.287
2026186.20
1233100.3
1415165.3
293387.169
1396.2549
2884832.3
1127744.3
135461.18
1390.398
1423.450
1423.759
492670.1409
226900.8
1428.367
1396.3170
492670.949
1396.2574
1217737.3
492670.947
1405.256
492670.397
1396.2620
1423.2149
1392.310
2026187.66
135461.184
260554.117
1423.2412
1423.735
1155777.3
1402.396
492670.1088
2728853.3
492670.1502
1648923.47
492670.948
580165.45
1648923.222
492670.319
1396.2833
1405.258
1408.387
1392.1050
492670.212
1402.577
1396.2632
492670.1072
1408.523
1396.3373
1392.276
1402.161
1423.2419
1405.242
1423.749
1648923.104
659243.29
1396.3164
492670.215
1405.202
1428.1624
135461.227
1423.2390
135461.249
492670.662
1396.3186
1392.1044
1423.1726
492670.1544
1155777.18
1423.753
1648923.260
1423.1323
1396.3466
1423.2451
1423.843
1423.335
2026190.16
492670.956
1423.737
492670.396
2026188.6
486398.3
492670.835
1396.1126
492670.1047
1392.238
1396.2821
1402.370
1390.607
1390.889
1396.3312
1392.89
1423.768
1423.2444
2233998.3
2026188.30
492670.995
86029.18
492670.953
1565991.4
483913.181
2011012.3
1392.1043
1396.3173
1415784.4
1428.1506
2682541.3
1890302.164
1925021.13
72360.24
1648923.182
492670.1731
1390.152
2821409.3
1423.738
1390.793
1405.244
1402.302
1392.1059
492670.1414
288681.22
293387.40
1423.1961
692420.6
1423.189
492670.1289
315750.8
492670.74
492670.282
1423.938
1392.95
1390.549
2026186.18
1396.3860
1402.578
743835.4
1423.2290
561879.16
2026186.152
492670.1309
561879.115
1405.239
1390.560
492670.783
492670.766
135461.229
1392.308
492670.654
1392.1033
1402.142
492670.86
1392.348
492670.12
1423.2579
1392.1049
1574141.5
561879.19
135461.258
1405.262
492670.664
1423.339
492670.1091
492670.1339
1423.2385
2666127.3
2026187.44
492670.500
2052936.3
293387.167
492670.1729
1396.2858
1340494.3
492670.1111
1396.3185
1423.752
492670.1114
1827146.3
492670.1496
1423.2132
492670.1336
492670.1656
1405.276
1428.1401
1423.1833
1392.1031
1392.1142
2795526.3
580165.53
1402.266
1390.304
1396.3376
1423.883
135461.78
1396.2557
492670.439
1455.14
492670.1405
1412842.4
1396.547
135461.224
1452.35
1405.243
1404258.3
1428.465
1333538.6
492670.954
1428.1623
492670.11
492670.843
645657.3
1392.1048
492670.1648
1402.294
2026188.66
135461.252
492670.1497
1396.146
1783501.3
1428.251
1423.414
2026186.158
1390.498
1423.878
2026188.61
492670.663
1423.2452
1390.309
1423.322
1423.1692
1423.2449
1423.2499
1390.731
2026248.3
492670.228
1392.1034
1423.772
1390.174
86029.21
2487276.10
492670.1093
1390.925
2026186.114
1423.2577
492670.712
1428.1808
1390.768
2026188.14
1408.111
1479.5
1423.2445
1405.265
492670.1115
1390.461
1423.416
155322.318
1392.1039
1664069.6
1837130.3
492670.1446
1396.3498
135461.176
1428.335
1390.558
260799.14
1428.1033
492670.767
1423.906
1423.2295
1405.268
1428.466
1428.324
1396.3182
1390.608
135461.228
1396.3261
1396.3855
1396.3163
492670.1630
1396.2365
72360.25
1648923.3
1705566.3
1390.723
1402.141
1453990.4
86029.6
1405.10
492670.1730
1392.326
492670.1103
1292358.3
1392.1045
334406.4
1392.645
1392.306
180850.5
1390.234
1628753.6
1408.153
1423.939
1392.1141
135461.183
1392.1037
1412843.4
492670.180
29339.37
135461.242
1423.2221
1392.649
492670.710
1423.2539
1405.234
1390.769
1428.1162
1390.451
1396.149
1396.3507
492670.1536
1446792.3
2026186.113
2026189.5
526977.6
224308.379
1396.3702
1423.842
492670.214
1405.252
1423.2450
1392.1064
492670.1363
293387.110
293389.28
1423.2538
492670.328
1423.873
1423.180
766760.3
1423.2308
1428.1621
135461.256
492670.165
405531.7
260554.127
1428.1620
1423.941
1392.1055
492670.317
155322.272
1423.1068
155322.285
1392.1217
1742359.7
1449979.3
1396.2732
492670.347
1330043.5
492670.702
1405.233
1423.2257
1402.301
1412898.4
580165.50
135461.226
1408.94
1392.502
492670.281
1423.2414
1402.256
405534.9
492670.1067
492670.280
1423.2415
293387.32
561879.67
1423.2576
492670.1358
2589818.4
492670.1508
1471.38
1428.1618
2026186.17
1428.1161
1204342.3
492670.1359
492670.1069
1402.453
2026186.48
492670.467
1423.739
1392.714
1423.940
1941347.3
1390.796
492670.1450
1405.259
135461.70
135461.211
2529386.3
1423.880
2585772.3
1390.557
1396.545
1396.2863
1390.752
659243.26
1890302.154
2026188.29
659243.31
1405.254
224308.179
1423.540
492670.1660
1423.742
492670.316
1392.269
1402.452
260554.51
135461.48
1409.8
1027627.3
1392.230
1441.4
492670.1667
1983719.3
492670.175
1428.1879
492670.346
1390.757
135461.13
1390.879
1396.2479
135461.17
1774743.3
1338518.10
492670.1315
1402.463
1510468.4
1392.646
492670.1629
1396.3180
1648923.281
492670.1071
1390.165
293387.282
135461.212
1405.253
260554.123
492670.653
135461.232
492670.1287
1430.37
1428.1561
1392.1219
135461.231
288681.15
1428.344
561879.15
492670.271
1405.13
1390.847
561879.307
1402.174
483913.115
492670.973
1423.1970
492670.1441
1423.869
1392.93
1428.342
72361.5
492670.1626
492670.345
568206.3
1390.881
2026188.21
1408.193
1396.3177
1423.881
1390.452
1423.936
492670.838
1396.3175
86029.22
1396.3309
492670.727
1839798.3
1126211.3
1390.728
492670.711
1428.1755
1405.235
492670.1000
1390.880
492670.713
1396.1128
1392.88
293389.10
1423.868
1428.1876
2014076.3
1402.293
2884833.3
2672567.5
1392.1029
1428.1398
1392.746
135461.40
1648923.199
1392.305
492670.1413
492670.1095
492670.1334
1428.250
1423.762
1392.1003
155322.284
155322.317
1390.809
492670.459
492670.659
1390.886
1570330.3
492670.1140
492670.1295
492670.401
492670.1338
492670.1587
1452.36
1428.1173
492670.440
1221328.3
1396.3104
561879.237
1396.3166
1423.875
1396.420
1396.3128
1390.464
492670.1234
1423.932
1441095.3
2762327.3
492670.1003
1890302.189
1396.2819
1452727.3
1396.2760
492670.1102
1217984.3
580165.46
1648923.4
492670.1233
2026186.115
492670.1256
1392.1218
1408.91
1423.1335
2587848.3
2608254.3
1392.721
1396.3179
1367477.3
1392.298
655816.3
492670.1431
326423.5
492670.203
405535.8
1396.474
492670.1094
135461.257
1390.556
135461.32
1405.266
64104.126
1396.3176
492670.1588
1461024.5
1402.257
1423.434
135461.74
1390.759
1423.935
1390.548
2762329.3
1423.1334
527021.10
2859227.3
492670.1541
1428.1163
1396.3165
1392.347
492670.1539
1423.2294
492670.1585
492670.840
1423.1758
1392.309
1192196.3
561879.306
293387.125
260799.41
1423.444
492670.18
492670.1117
1390.399
269801.10
1396.3467
483913.168
1405.192
1405.280
1428.1400
1114958.9
1423.747
1392.1053
1396.3207
1423.1401
1390.788
1402.76
135461.234
492670.714
2683680.3
1392.1030
1396.664
1423.2220
261594.21
1452.11
1423.767
293387.160
1392.86
361100.6
1392.254
492670.1415
1423.931
224308.482
492670.298
1423.2311
1423.943
1423.445
1402.297
1423.937
135461.238
135461.76
572264.4
293387.281
1239783.5
1396.3509
492670.1452
1405.260
1423.137
1440.3
1178537.6
1444.18
1390.453
2809036.3
1423.2441
1390.727
1890302.153
1392.563
2026189.16
1423.2455
1496303.3
492670.946
492670.839
561879.233
1405.241
1423.2585
1150475.3
492670.1725
492670.224
1648923.116
492670.183
1405.245
492670.216
637380.6
483913.182
86662.17
1396.1070
492670.174
1396.2147
1423.1969
1402.138
1423.555
1396.147
1396.3169
1405.249
135461.27
1392.1042
1405.248
1423.465
1423143.3
492670.1101
1396.2631
1390.871
1390.534
135461.263
492670.1447
1452.100
2217825.3
1392.1035
1423.172
1423.750
572264.18
293387.161
1423.933
1392.289
1392.1061
492670.321
293387.283
1396.623
1423.292
1423.2447
1890302.166
1428.1222
1392.715
492670.1495
768494.3
96241.50
1648923.198
492670.1104
492670.660
659243.33
1408.133
1396.3172
1423.1967
492670.288
541229.3
1423.1856
1423.2025
1392.1063
1423.336
1392.720
1405.237
2812759.3
1423.433
135461.241
1392.1040
2884834.3
1402.241
492670.1362
1392.1056
1390.941
1392.650
2026193.15
1396.3795
492670.1571
226900.113
2799500.8
1392.1220
1408.110
492670.834
492670.501
1423.934
1428.1809
135461.73
1664069.7
155322.253
1408.135
492670.661
1396.2480
561879.227
561879.216
2494319.3
1396.2666
1423.942
1392.1046
119858.6
1402.596
492670.1034
1428.1093
1417985.5
135461.178
1279365.3
1392.1047
1147161.3
135461.177
1423.748
1412844.4
1220533.3
1392.82
1405.238
1423.734
1423.733
492670.167
592021.13
135461.21
1396.2820
492670.286
1390.497
1408.81
1434324.5
492670.1632
1392.1052
745774.4
2026191.6
135461.75
1423.2498
1390.112
135461.149
492670.289
492670.407
135461.71
1423.557
1396.1068
1390.724
492670.1494
1392.231
492670.708
293387.78
155322.309
1392.713
1402.137
1402.292
492670.656
1476724.4
492670.392
1396.2509
1392.1041
1392.311
1890302.151
1423.882
1402.462
1423.271
135461.50
1428.1396
86029.23
492670.301
1454382.3
658666.5
492670.1449
1218175.3
1423.177
293387.30
492670.285
1423.1927
315730.11
561879.228
293387.345
1408.579
2267265.3
2796141.3
260554.78
260554.93
1648923.279
279010.13
1392.716
492670.466
224308.43
492670.1451
2831519.3
1392.1054
1428.366
72361.11
1396.718
492670.1308
930170.3
1392.1057
703612.22
293387.92
1392.92
492670.1503
1679167.3
492670.247
260554.137
1428.343
796606.3
492670.179
1423.2287
492670.1001
1396.2556
293387.132
1396.3701
1428.464
1402.264
1423.589
492670.89
1392.1038
2801342.3
1195464.3
135461.243
492670.499
756828.3
1396.148
2026186.151
135461.77
1423.2255
1423.135
1423.2293
224308.378
1423.740
1423.2384
492670.1296
1648923.232
1392.96
1423.2392
135461.261
135461.215
1402.218
1402.291
673518.9
1428.1500
492670.1504
659243.34
720555.4
535026.25
1390.552
1390.870
1178540.18
1402.265
492670.1586
1408.472
1423.1968
1423.2502
1405.267
492670.652
1423.758
492670.1444
492670.1543
1392.83
1390.786
561879.214
492670.404
1396.2857
1423.770
1423.754
1423.736
1034836.4
1423.2219
1423.2297
2709781.3
1392.233
1396.609
261591.12
1408.293
492670.1048
1390.559
1405.250
1408.101
492670.1570
1423.1992
492670.1410
1449088.3
1408.93
1423.756
96241.51
72360.15
293387.52
1396.3168
1892404.3
1423.2391
1458206.3
492670.836
2762328.3
492670.1142
1428.317
1856406.3
1402.478
1423.2440
1405.227
1423.2443
1396.3181
1423.757
1423.413
2080759.3
492670.85
1423.2168
1392.307
1402.136
529122.4
1428.1915
1396.2635
1392.237
2448811.3
1423.619
492670.1538
227866.22
1452729.3
1390.834
492670.743
2842457.3
2053832.3
135461.9
1423.176
1390.281
1423.2386
492670.251
492670.398
1428.1741
1648923.36
1392.87
1423.138
1405.240
492670.967
135461.80
1232554.3
135461.244
492670.1657
492670.1092
492670.1631
135461.250
29338.3
260554.147
570416.11
1302650.3
135461.72
2026186.13
1392.1221
135461.222
155322.281
1428.1622
135461.221
135461.239
1452.31
1423.437
2049935.3
492670.1406
135461.51
1405.247
1390.725
1286404.3
1396.3129
1423.2536
293387.106
293387.279
1396.2364
293387.102
1423.140
1408.568
492670.403
1402.95
1428.1619
1396.3171
492670.655
492670.250
1150476.3
1396.2381
580165.49
1423.2259
1402.296
222523.6
1423.2448
1392.934
224308.483
1405.279
561879.176
135461.260
1392.345
2026188.57
1428.1169
1423.874
561879.50
1396.2589
405532.5
1423.1036
135461.240
1408.100
492670.326
1390.794
1390.795
1423.2411
315749.8
1408.132
1405.264
492670.1569
492670.1429
1136873.6
492670.275
2093834.3
492670.506
492670.507
1423.877
1396.2270
1225788.3
1405.39
1428.1490
1402.135
1415167.14
98228.3
1402.668
1423.1069
1428.1399
561879.17
1423.879
1052588.4
1396.462
492670.330
1405.246
2026186.16
135461.47
561879.240
492670.729
492670.320
198094.11
483913.177
1396.3184
492670.1162
1423.337
1392837.3
1392.648
1052585.4
1423.2148
492670.1317
1423.2166
2026186.43
492670.1440
1405.263
135461.248
155322.283
1408.269
492670.1572
135461.49
1890302.165
1405.255
492670.955
1648923.265
2760090.3
135461.79
293387.291
1428.481
1396.3264
492670.974
1423.1691
2846779.3
1581038.3
1423.1965
492670.177
1396.3183
561879.11
1390.151
1423.876
1423.2416
1405.236
1396.2633
1648923.22
1423.1971
1396.426
492670.1137
260554.124
2026186.153
1396.3174
1390.561
1396.150
155322.282
1396.2630
2026186.99
1392.1143
1392.239
260554.138
1423.885
492670.181
135461.246
1428.1224
1392.1060
1547283.3
1423.2365
492670.276
1664069.10
1423.2296
492670.92
1392.1051
492670.42
1423.1688
2715209.8
1423.324
492670.1307
1390.855
1648923.37
492670.998
1428.252
492670.950
1408.260
1402.388
1396.1069
1423.1972
1423.318
1392.1062
1423.741
279010.12
1396.2143
347495.3
1001582.3
1396.2794
1390.310
1428.1172
2026186.7
135461.247
936156.3
1396.666
1408.85
492670.442
135461.148
1402.212
492670.1535
1452.112
999891.3
412694.7
1428.1397
2660750.3
1405.232
1390.604
451709.7
1392.90
580459.3
1423.2258
492670.1540
281309.8
1428.1744
1396.3178
1392.294
1392.85
135461.223
1392.492
492670.1116
1390.767
2762326.4
1423.771
2026187.8
492670.999
2026186.45
492670.1335
1392.290
1392.236
492670.1361
492670.1337
1390.856
1408.258
1396.2634
1405.257
1396.2548
1396.2856
492670.438
1428.249
1423.537
1423.2256
492670.229
1408.522
492670.971
1396.665
1409.43
1529886.3
492670.945
492670.225
1405.251
1402.549
135461.55
492670.318
135461.262
1423.1966
1423.2260
492670.213
2709784.3
1428.1395
1428.425
714359.3
2009331.3
1396.1129
1392.722
293387.77
96241.6
1423138.3
1648923.183
492670.1628
1423.2417
293387.63
352858.3
1648923.184
1396.2619
1402.477
1396.2543
1423.1963
1423.418
2499213.3
1392.1058
659243.35
135461.97
1392.647
492670.1439
1392.84
492670.296
1423.2298
492670.297
1415167.3
570416.10
1390.864
180843.3
1392.327
293387.105
563169.3
293387.68
2665175.3
1392.91
1423.865
1423.798
1396.2759
580165.48
492670.1073
492670.1141
