244734.17
375.226
1325095.3
29448.149
375.212
1355477.89
2171497.4
375.183
398525.22
931866.3
375.206
375.202
335659.3
375.242
29448.152
2782671.3
1437360.11
375.243
29448.119
1325112.3
2590772.3
1325090.8
1404402.5
2782666.3
29448.148
255045.4
114615.4
1325115.7
1404367.7
255045.57
2734909.5
375.203
244734.9
630921.8
375.198
2715960.3
1404888.3
29448.139
858423.14
858423.18
29448.151
2782658.3
2782633.3
29448.137
2171498.4
375.235
108015.34
1355477.144
2493093.3
1037409.3
2898149.3
375.234
2817704.3
1399419.3
1390119.4
1325107.4
288000.8
1437360.5
1325100.3
2817700.3
375.196
375.201
1355477.55
1325114.3
375.205
754500.3
1355477.134
83637.3
2840472.3
241591.3
2782676.3
936455.3
2782612.3
476282.6
375.239
1803665.3
189873.4
375.232
2599819.3
29448.136
2926010.3
1275962.8
1300039.6
1404367.6
1355477.86
546899.3
1179474.4
29448.131
376.37
244734.18
29448.133
2057741.8
858423.13
375.209
858423.19
29448.125
375.229
375.244
375.184
1420727.4
1325102.3
1437360.8
375.169
190045.3
113395.3
55395.4
2782611.3
1274631.4
29448.132
29448.154
29448.138
574727.4
2876780.6
1437360.9
375.208
29448.141
29448.121
375.253
2782624.3
2817702.3
376.36
2904800.6
2840469.3
375.211
375.227
29448.153
29448.142
2170627.4
255045.56
709803.3
2911010.5
1325083.3
29448.147
376.105
375.228
2782675.3
375.247
375.195
1390131.5
2782630.3
2911011.5
2782634.3
375.249
722472.4
1325111.3
29448.144
1390132.4
1355477.38
574934.3
375.252
2599805.3
1390116.7
2926009.3
29448.122
1521768.3
1038867.3
1355477.58
1619232.5
1197460.4
1043588.3
375.225
722472.8
29448.135
722472.7
29448.145
375.251
375.213
375.222
375.231
2913970.3
29448.143
1325120.3
29448.156
115808.6
375.238
167468.3
1355477.88
29448.123
375.241
224911.5
2782664.3
2171499.4
1355477.69
2840473.3
29448.134
1904807.3
2817701.3
2817703.3
375.248
375.223
190148.11
1355477.87
29448.155
1855319.3
2817705.3
375.122
1404864.3
375.197
1300039.5
375.246
1245469.3
375.224
1355477.29
375.29
993502.5
1355477.98
83627.3
375.204
376.104
224911.44
722472.6
858422.3
1325090.15
2597515.4
1404768.8
375.245
2035447.3
375.233
375.207
1783512.3
375.199
2171500.4
29448.124
