1250339.3
87883.708
95486.767
337.68
28450.2345
87883.720
331271.8
28450.647
13373.17
57975.37
87883.36
1249475.3
28450.827
95486.643
1249468.3
87883.714
13373.20
87883.719
179879.37
28450.245
265293.12
28450.1901
1241582.3
28450.648
95486.649
95486.409
482957.33
292.113
152480.140
28450.663
57975.36
337.75
28450.376
337.77
320389.6
28450.155
28450.829
28450.711
28450.365
28095.307
152500.5
57975.10
28450.655
87883.728
337.64
87883.727
101571.258
28450.1852
28095.272
13373.26
101571.260
441156.5
13373.55
1249473.3
337.91
13373.56
95486.678
412022.9
1487955.3
337.63
1435365.3
87883.704
488447.61
337.53
1249664.3
983594.35
28450.2253
95486.498
28450.813
87883.280
337.61
488730.28
95486.657
28450.2528
87883.713
60552.42
342113.8
13373.66
488731.5
357348.6
243160.12
87883.369
488447.60
28450.1902
337.31
292.26
13373.64
292.532
884204.3
1335307.3
152480.134
983594.32
95486.660
1439854.3
13373.23
1249668.3
1241583.3
320372.6
28450.246
395019.8
28450.1891
152480.135
28450.1838
28450.382
1249476.3
2813843.3
60552.44
1439852.3
337.69
28450.88
41899.3
28450.654
1249469.3
28450.1892
337.52
1249667.3
87883.725
28450.828
1249472.3
28450.1839
179879.35
28095.300
13373.28
292.492
28450.651
28450.1905
28450.2249
28450.378
87883.285
13373.27
884204.6
28450.649
1503055.35
1435985.3
337.56
488447.301
87883.710
87883.715
95486.676
28450.659
1249470.6
1176492.5
482957.39
337.85
32009.4
360118.8
28450.656
57975.9
152480.136
87883.721
95486.670
488446.13
1306417.5
983594.16
28450.667
28450.84
28450.86
95486.74
95486.663
28450.1585
28450.362
488447.312
87883.372
28450.385
87883.730
320388.7
95486.671
60552.215
60550.44
337.60
87883.705
337.92
95486.300
2015348.4
1435984.3
28450.2255
95486.669
441162.11
28450.1850
28450.2344
57975.11
13373.91
1249658.4
87883.366
95486.315
1229785.3
57975.60
95486.644
87883.276
95486.659
28450.87
2811789.3
337.79
95486.304
28450.2527
32009.3
430531.6
101571.256
337.58
28450.1906
95486.639
13373.58
28450.1851
337.78
337.76
28450.652
95486.464
292.24
87883.702
87883.264
95486.303
337.39
337.66
28450.713
28450.812
337.72
87883.718
1306420.5
292.525
87883.368
595500.3
292.533
1249663.3
28450.244
28450.1847
95486.86
57975.12
1249662.3
95486.90
1385591.4
1494466.10
28095.58
28450.83
337.71
337.33
398577.6
28450.85
488447.32
95485.11
1740162.3
60550.51
320373.5
95486.299
28450.2526
1503054.66
337.80
28450.653
626418.3
28450.1848
28450.662
28450.383
28450.2346
87883.78
28450.666
87883.263
13373.19
152480.20
337.38
95486.666
95486.668
488446.5
28450.2256
87883.367
1439853.3
28450.1837
28450.1970
28450.2525
1435994.3
28450.2250
32009.10
13373.94
60552.41
87883.723
95486.664
87883.706
13373.59
95486.54
1249474.3
28450.2341
95486.646
95485.10
60552.43
337.73
28450.1904
87883.709
28450.157
292.127
342113.3
28450.657
337.70
101571.259
95486.652
292.125
95486.490
28450.736
1207504.12
95486.650
1306418.4
95486.641
1249659.3
337.36
13373.62
87883.278
28450.1853
2811788.3
337.30
152500.14
28450.1849
28450.2257
406425.4
28450.1972
28450.645
60552.55
87883.724
13373.24
337.57
337.54
87883.729
337.83
152480.137
28450.660
482957.22
28450.646
28450.814
13373.93
13373.21
1435372.3
28450.1846
13373.18
28450.661
87883.275
87883.77
95486.674
337.48
13373.65
28450.811
1449978.3
331978.8
28450.386
1249471.3
28450.2252
95486.89
337.82
13373.92
488447.4
13373.63
13373.29
95486.799
320389.8
488732.15
985079.5
337.81
337.90
95486.798
95486.85
350701.8
87883.726
292.114
1249660.3
57975.31
1468409.3
28450.2597
28450.247
28450.1969
87883.793
87883.712
87883.148
1437000.3
272560.51
216591.5
337.65
13373.25
28450.2342
95486.642
28450.156
488447.184
339670.21
28450.1836
87883.370
13373.60
292.536
87883.279
28095.12
152480.138
95486.466
337.37
95486.667
87883.717
28450.826
28450.2251
101571.257
152480.139
13373.50
1306421.4
95486.302
28450.2352
337.59
416344.3
269482.11
292.214
1306419.4
87883.711
488447.311
87883.794
395019.7
28450.1903
28095.310
60550.9
28450.134
1009846.3
999541.3
1249661.3
28450.1907
28450.644
1637837.7
95485.5
271848.56
28450.90
28450.2347
13373.154
337.55
95486.654
95486.658
60552.213
95486.648
152480.103
1439855.3
2906514.3
28450.2254
337.86
488729.6
28450.2164
337.84
1176514.8
28450.714
337.74
95486.640
292.531
87883.716
87883.703
337.32
95486.301
57975.47
87883.707
57975.4
337.62
271848.6
28450.1918
95486.651
28450.89
95486.62
95486.346
28095.40
2732364.3
87883.371
1705310.4
28450.377
57975.17
292.297
28450.712
60550.52
28450.1971
95486.675
95486.672
28095.268
95486.800
1249665.3
2217913.3
60550.19
95486.679
1249477.3
57975.30
272560.6
337.67
28450.248
337.35
95486.838
339670.8
87883.722
28450.2343
488447.65
13373.61
28450.384
