1686384.4
546.402
546.841
546.462
546.910
546.690
546.691
546.692
546.759
2660638.3
546.1129
546.1493
546.856
546.465
546.1603
546.913
546.838
546.839
546.801
546.802
546.1591
546.912
546.123
546.593
546.1781
546.1780
546.832
546.1497
2529121.3
546.1746
546.1526
546.1525
546.1783
546.91
546.1295
546.602
546.919
2079228.3
546.1498
546.920
546.936
546.922
546.921
546.842
546.843
546.826
546.824
546.831
2077148.3
546.907
546.1611
546.1609
546.1610
546.849
546.834
2566012.3
546.1744
546.272
546.825
546.1542
546.1553
546.603
546.1407
546.835
546.812
546.811
546.813
546.731
546.169
546.837
546.852
546.991
546.451
546.1126
546.683
546.682
546.392
546.911
546.798
546.760
546.1615
546.467
546.1623
546.466
546.1749
546.829
546.873
546.1128
546.1476
546.494
1006003.13
546.853
546.716
546.1750
546.1102
546.393
546.469
546.463
2697370.3
546.464
546.470
546.1782
546.583
546.1747
546.685
546.818
546.867
546.1298
546.1492
546.273
546.1621
546.165
546.600
546.1125
546.1127
546.820
546.862
546.914
546.872
1639133.179
546.871
546.870
546.819
1639133.180
1639133.178
546.916
546.917
1639133.13
546.827
546.828
1639133.46
1639133.49
1639133.47
1639133.50
1639133.48
1639133.51
1639133.64
546.1013
1639133.23
546.715
1639133.22
1639133.89
546.933
546.934
546.932
546.935
1639133.12
546.915
1639133.103
2807631.3
546.1297
546.1299
1639133.59
1639133.96
2077149.3
546.1399
1639133.104
546.865
2664853.3
2664854.3
1639133.65
546.1226
546.395
546.369
133448.4
546.94
1639133.85
546.876
1639133.19
2546350.3
546.815
546.84
546.674
57706.84
1914243.13
546.857
546.1602
546.199
57706.19
57706.202
57706.150
57706.212
2742674.3
2742638.3
2742659.3
2742658.3
2742661.3
2742632.3
57706.194
2742629.3
2742630.3
2077147.3
2742647.3
2742670.3
2742635.3
2742666.3
2742648.3
2742663.3
2742665.3
2742678.3
57706.146
57706.145
57706.151
57706.148
57706.153
57706.156
57706.152
57706.147
2742677.3
2742662.3
2742668.3
2742667.3
2742626.3
2742675.3
57706.158
2742671.3
2742641.3
57706.218
57706.214
57706.65
57706.217
57706.213
3015952.3
57706.21
57706.155
57706.223
2683822.3
57706.216
57706.205
57706.154
57706.149
57706.222
57706.215
57706.211
2742627.3
57706.210
57706.221
57706.219
57706.143
57706.132
2742653.3
57706.225
2742654.3
2742655.3
2742636.3
2742657.3
57706.220
57706.144
184912.11
1563222.16
133448.30
1702170.3
2861802.3
133448.8
1563222.9
67827.18
1748967.20
1748967.23
1748967.17
1748967.26
1748967.21
1748967.16
1748967.22
1748967.24
1748967.19
1748967.18
1748967.25
67827.73
2942480.3
67827.25
1748967.28
1333848.3
1703250.3
546.981
546.982
67827.5
67827.74
67827.56
67827.57
2562449.3
546.860
546.1745
546.830
546.817
546.1748
67827.27
67827.10
546.848
546.859
546.847
546.821
546.1743
546.869
546.868
546.908
546.595
546.866
546.863
546.846
546.858
546.855
546.844
546.877
546.906
546.909
546.851
546.816
546.833
545.49
545.40
545.38
545.129
545.130
545.123
545.136
290338.8
545.47
545.11
545.195
545.196
545.36
545.259
545.68
2576406.3
545.115
545.48
545.203
545.212
2653932.3
1261127.3
67824.39
67824.35
67824.3
35703.30
2066049.3
1439319.4
2742625.3
35703.76
35703.127
35703.111
2742620.3
2742621.3
35703.153
35703.130
35703.125
35703.24
35703.152
2019568.3
2013114.3
1920110.3
2716879.3
2781952.3
1573676.3
67826.48
2742623.3
2742622.3
2742624.3
637910.3
67825.30
