381666.45
1855315.3
164546.35
151783.34
164546.25
82633.34
164546.37
1478019.3
82633.39
164546.26
96344.8
82633.13
164546.17
2839983.3
164546.48
164546.49
164546.47
164546.7
1855314.3
82541.44
2871157.10
164546.22
164546.21
164546.19
1218106.3
164546.24
164546.31
164546.46
68895.5
119219.51
164546.15
1389192.3
164546.30
248026.4
164546.52
942865.4
266264.9
164546.38
164546.41
1796606.3
164546.20
2608999.4
119219.46
164546.44
119219.44
106590.25
164546.36
96344.12
164546.29
82541.19
164546.40
164546.51
2771360.3
82541.46
106590.8
367825.3
164546.50
164546.54
164546.43
164546.23
942865.3
2003587.3
1304882.4
164546.14
82541.48
82541.43
82633.11
96344.11
82541.39
106590.24
164546.33
96344.9
82633.33
106590.28
82541.45
2003588.3
164546.53
164546.34
68895.9
164546.39
151783.39
876364.3
82541.47
119219.17
1267562.4
164546.45
264198.6
381666.6
164546.61
1855313.3
1873897.3
119219.14
1042878.5
