1211025.3
208224.146
208224.238
208224.148
1812935.97
1812935.384
1045856.3
1329841.4
1692238.3
158836.969
2027919.117
208224.167
158836.976
299766.187
158836.193
336306.71
299766.193
1827481.3
1354030.3
299766.191
158836.1181
158836.784
158836.1035
208224.46
158836.1232
158836.1144
158836.547
158836.1107
299766.19
158836.198
158836.1103
1977566.22
158836.808
158836.1537
1812935.96
299766.192
158836.1673
1812935.443
158836.787
158836.974
158836.446
299766.188
208224.245
158836.802
158836.1895
158836.2036
158836.1674
1812934.3
158836.1179
208224.79
158836.785
158836.844
1812935.98
158836.806
158836.809
158836.1099
158836.1571
2724468.3
301102.8
158836.811
2850493.3
1812935.88
158836.445
299766.39
158836.1074
2742619.3
208224.334
1812935.22
1296536.165
158836.796
158836.801
158836.882
2894203.3
158836.1044
158836.1197
158836.11
299766.116
158836.822
2051905.6
158836.1172
158836.793
2596949.3
158836.792
158836.491
1333851.3
158836.282
1296536.163
299767.84
1296536.151
158836.843
301105.11
158836.799
158836.438
158836.421
2742646.3
1812935.164
299767.18
1812935.171
158836.2041
158836.191
158836.783
539813.21
158836.1693
1296536.46
1296536.67
208224.12
158836.418
299767.78
208224.78
1812935.382
299767.269
1812935.85
1812935.385
158836.22
158836.2042
2742676.3
208224.387
1812934.11
158836.798
158836.591
299766.107
158836.81
158836.167
1812935.91
2027919.18
301102.37
158836.813
1333849.3
1812935.281
1812935.7
158836.805
1868135.3
208224.145
158836.192
2478464.3
1812935.43
1812935.269
158836.549
1812935.87
1166130.5
158836.1569
1421338.8
158836.1173
208224.404
158836.1965
158836.1536
158836.794
299767.117
158836.968
158836.966
158836.1096
158836.1229
158836.967
158836.1926
158836.219
158836.795
2742639.3
158836.1174
1812935.133
158836.417
539813.36
1812935.89
1329841.5
158836.791
1296536.38
208224.99
2077136.3
2850492.3
158836.975
2742656.3
158836.1101
1296536.15
1915310.3
158836.2039
1812935.393
1812935.83
208224.338
2720029.3
158836.977
208224.123
158836.2035
1812935.383
158836.1098
1686392.3
1812935.433
2497875.4
158836.344
208224.246
158836.1089
2494702.15
299766.184
2866201.3
1812935.86
2494701.3
1812935.34
158836.1088
158836.157
158836.2043
158836.1102
158836.8
158836.1459
158836.434
158836.2037
158836.2034
299766.119
158836.608
158836.1666
158836.788
208224.147
158836.803
2500132.3
158836.1228
158836.609
299766.181
158836.1073
158836.892
158836.49
539813.12
158836.782
158836.821
158836.973
158836.2081
1296536.16
2707174.3
2561927.4
2077137.3
1686396.3
539813.22
299767.104
158836.797
1296536.96
158836.972
158836.1231
158836.804
299766.186
158836.1097
158836.1457
158836.79
208224.341
158836.971
158836.1694
158836.343
158836.1479
158836.85
2747372.3
1977566.21
158836.1036
158836.905
158836.2038
158836.1458
158836.1095
158836.812
158836.1226
1812935.33
299766.189
158836.1227
158836.416
158836.483
1812935.81
208224.339
299767.79
1812935.172
1812935.9
158836.1072
158836.786
1296536.49
2850078.3
158836.1241
299766.91
1812935.134
158836.807
158836.1456
2742673.3
1812934.18
1296536.149
158836.1045
158836.789
1333850.3
158836.206
1848517.3
301105.12
1812935.282
