2493675.3
1287281.3
2233532.3
2876637.10
2865838.3
381.40
2876627.10
2876648.10
2876634.10
1736557.3
2066070.7
2876639.10
1736477.3
2876623.10
381.25
2493681.3
2744517.3
2876629.10
2926017.3
2493676.3
2876638.10
1040982.3
381.24
2493669.3
2744523.3
2744515.3
2876643.10
266835.9
2876636.10
1300272.3
2876669.10
1884373.3
2876641.10
2066070.6
381.6
2876665.10
2294114.3
2876632.10
1736469.3
381.70
381.15
2876644.10
381.29
1505946.3
2654248.3
381.35
2876640.10
1295366.5
2493670.3
2744522.3
2876664.10
2876645.10
1736555.3
935546.3
1300294.3
2876651.10
2876660.10
2493671.3
2493677.3
460060.3
2876661.10
381.16
28104.15
2483402.3
2493672.3
2493668.3
2483403.3
1209954.3
2483404.4
2876635.10
2876631.10
381.19
2865837.3
2777475.3
2483404.3
2876650.10
682633.10
2584466.3
2876646.10
666020.3
69974.4
2066070.8
39645.57
2493673.3
765698.19
381.34
935548.3
2654249.3
2876653.10
381.111
2876626.10
2493678.3
2876625.10
2082387.3
593909.4
2108445.3
1777867.5
381.38
2865839.3
2493674.3
1082933.13
381.12
536018.3
935546.5
2876630.10
2876621.10
2876663.10
422277.3
381.39
2876667.10
