2485143.3
405436.4
2487710.3
3016105.3
589240.3
1282883.4
2940569.3
767364.3
1621261.3
2717028.3
2248752.3
1874.22
2824877.3
2824880.3
1877.11
1703936.3
2201999.3
3016098.3
2572906.3
2572905.3
1172030.3
644283.4
47850.13
47850.4
47850.7
2586993.3
648999.4
307120.5
2849653.3
479978.4
479978.7
2944809.3
3016103.3
2035250.4
2783662.3
2926015.3
47860.3
2604467.3
47854.6
307119.5
1914461.4
1914461.3
2039870.3
946078.4
2039878.3
3016092.3
3016087.3
2733861.3
2749844.3
3016088.3
745366.4
2824886.3
709868.3
2572904.3
709876.7
709876.9
285676.39
285676.38
285676.35
285676.36
709878.3
2911212.5
2911208.5
2911211.5
2911209.5
1464048.3
2824883.3
1278207.3
356851.3
3016085.3
2944807.3
285665.4
709881.3
2824899.3
1420889.3
285679.6
1150864.3
1287877.3
2035244.4
2572899.3
709883.12
2824881.3
3018339.3
709860.3
1839617.3
1839617.4
3016106.3
3016091.3
3016094.3
3016100.3
356851.6
1316803.3
3016101.3
47853.6
3016108.3
3016096.3
47853.7
47853.9
47853.8
3016089.3
3016097.3
291594.5
2733865.3
2807622.3
2809018.3
2583243.3
121616.4
1703433.3
1198245.3
2282290.3
1894970.3
307121.4
1530042.3
47855.4
47871.5
47871.4
47858.4
2035247.4
1778046.3
2824876.3
592872.3
1461247.3
47872.5
47872.6
47864.4
356852.4
299152.5
262898.5
2925836.3
568872.4
1077942.3
47865.5
261654.4
1881.4
227316.5
299146.4
47857.4
2586994.3
1880.4
1182970.3
2697657.3
145857.5
230091.5
2512146.3
2675222.3
145854.5
1877.9
1877.5
1877.7
47866.4
47875.4
47875.5
683228.9
683228.4
2716341.3
2294034.4
2824882.3
547162.4
2580517.3
419825.3
3016104.3
2835305.3
