985665.3
867076.3
128574.5
172713.11
172713.15
1406.77
1406.355
1406.353
59893.44
1406.357
1406.395
349520.38
349520.37
349520.5
1406.354
1406.81
1406.416
1406.79
59893.5
2823904.3
1406.78
2823905.3
1406.194
2487928.3
1406.5
886882.15
2069255.4
2069255.3
1406.260
1406.50
1036171.12
1406.267
1406.266
1406.358
1406.356
1406.359
1406.193
1406.352
1406.378
1406.345
1406.351
1406.333
1406.369
1406.145
1406.299
1406.49
1268072.3
2741301.3
169760.4
1333845.6
1333534.5
44251.7
1073571.4
373687.11
189425.5
682956.6
1873425.4
160799.4
1536771.3
1536769.3
414771.3
1536772.3
1536773.3
2072642.4
1536774.3
2810347.3
2758563.3
189426.6
189426.48
189426.45
1536770.3
1536775.3
1477.14
147375.6
1477.13
147375.7
1477.15
697284.9
697284.3
147375.10
147375.4
147375.5
1451.60
2607911.3
2871175.10
2928702.3
1451.59
528191.3
484184.11
2748863.3
1472.7
198119.5
2211212.3
248903.4
2565926.3
1313296.3
2925845.3
1870820.3
1980674.4
59843.9
59843.4
1906272.3
1401.9
1401.12
481743.5
44250.6
49283.39
49283.17
49283.16
49283.38
130049.11
130049.14
2495582.3
2704463.3
2704462.3
1695218.3
217090.3
2660554.3
521520.4
521520.5
521520.6
1763538.4
253703.4
1566358.3
2762320.3
171404.4
116718.4
562959.3
1452732.4
1616788.9
1870819.3
2509456.3
1178515.4
1532905.3
79263.3
2494549.3
1338368.3
2835869.3
162209.4
2020716.4
2878915.3
715179.3
375489.4
1712516.3
1462996.4
1126833.4
