92647.28
92647.18
92647.19
92647.24
92647.7
92647.8
92647.16
92647.5
92647.11
92647.6
92647.15
2135697.3
2135696.3
2135695.3
2135698.3
2135699.3
60548.7
396598.11
2587134.3
134536.7
2135496.3
134536.51
1245417.7
134536.53
1822466.8
252970.14
1822466.7
252970.4
667581.3
667576.3
1703435.3
667572.3
667583.3
2991073.3
157910.5
2723094.3
2723097.3
2883243.6
754502.14
2883242.6
2883245.6
1515439.3
420952.10
420952.11
420952.12
420952.14
1938801.3
420952.17
420952.3
2026199.3
2604047.3
1938798.3
1938805.3
1938804.3
1938806.3
1938809.3
2026199.12
1211383.3
1938799.3
169427.5
169427.9
169427.18
311231.3
1938810.3
1200993.3
2211104.3
2880218.3
134537.8
134537.23
134537.26
1441714.3
134537.35
134537.34
134537.22
134537.36
134537.13
580937.4
580937.3
580937.5
420952.13
458836.5
458836.6
458836.4
458836.7
1761016.3
1761016.7
1761016.8
458836.10
2793076.4
1324617.16
1324617.19
458836.16
2793075.4
2793075.5
1417228.4
1938802.3
2793077.3
416943.13
416943.14
416943.7
416943.6
416943.5
416943.9
416943.11
416943.10
416943.12
1323664.14
75105.16
75105.13
75105.4
75105.18
75105.21
2735433.3
2735434.3
169430.6
169430.7
311230.14
311230.23
311230.28
391038.42
273251.5
2057004.3
321895.7
321895.3
321895.4
321895.6
321895.5
392320.5
2571747.3
2883241.6
2571748.3
219649.3
219649.4
2703888.3
1189126.4
1189126.3
2547399.3
2211211.3
159450.112
159450.111
159450.116
60549.4
60549.7
60549.8
60549.6
2777537.20
2777537.18
2777537.19
83784.3
2823469.13
420953.8
420953.7
420953.5
2135498.3
2883244.6
60549.5
2303330.3
2547393.3
1926495.12
1938796.3
1236956.13
984307.20
2135497.3
1938808.3
480658.3
1926494.3
2861782.3
