287.2665
76760.5
86192.32
205922.5
287.18291
287.8037
287.8923
1573712.4
287.13257
287.15852
303.200
556533.8
1573704.3
303.1023
294.917
287.28322
1163398.12
287.18280
380021.181
2774461.3
287.8045
2804761.3
287.1773
303.708
287.2692
287.10403
1173280.3
287.24693
86192.29
1124983.33
158627.16
2654238.3
1225174.8
287.28311
294.712
86185.57
157782.11
380021.159
287.5746
2730845.3
1392877.3
287.2907
76759.28
75612.23
1785161.4
287.14821
287.9851
1038923.3
287.11579
1028989.3
294.160
2725477.13
76759.25
941193.4
287.13861
287.9616
287.6366
1855331.3
76759.82
930166.5
287.6482
587753.86
287.11757
287.24737
2505979.5
380021.102
287.7093
1331671.3
587753.94
287.24738
287.18290
2730846.3
287.25797
587753.148
1573720.4
287.27722
287.24985
1279007.3
1344094.3
1301098.3
287.26396
563797.7
287.28459
287.11592
587753.152
287.27157
287.7739
359110.32
1659194.4
47880.52
287.28303
2829498.3
1207075.3
200451.10
303.750
287.11551
287.6481
287.2538
287.2556
287.2537
287.11743
75612.10
1324931.3
287.9849
287.28300
33069.79
287.2559
287.13730
2799184.3
287.14070
303.452
287.5955
86192.21
103796.29
287.27106
104087.51
303.427
287.28456
287.6483
53408.5
380021.54
287.18695
287.19565
2054914.4
237610.37
287.5776
287.10404
287.2970
1408276.3
294.391
70775.25
287.9850
2705472.3
287.28308
287.24983
587753.146
300.43
287.1491
33069.19
287.3102
287.2914
587851.9
287.24688
317.402
287.4554
287.28323
582700.3
65741.8
75588.6
1334632.3
191390.5
53410.9
2587597.3
1702250.5
95300.10
303.1068
183795.52
287.7095
287.24702
287.8052
587851.14
264451.10
287.25181
287.5687
287.25767
287.15916
287.14278
287.9877
287.10441
198620.28
287.4051
658630.4
287.18697
287.18297
2054915.4
287.2554
287.2579
129138.21
198620.16
287.10563
104087.16
287.10162
287.2899
287.11752
317.663
303.1060
930166.143
47883.23
2745510.4
96901.3
287.27711
287.10442
287.8046
587753.61
287.11536
287.11596
287.2966
191390.12
287.8050
287.28337
2083052.3
287.26432
2730849.3
3020907.3
1513890.8
587753.145
287.28338
323.43
237610.30
287.13729
287.18648
287.11537
76759.60
2565368.20
287.18286
384676.9
1352354.3
287.4091
287.28315
287.3103
287.13254
47878.46
287.5956
2678260.3
86192.16
1194418.9
390235.5
294.836
296.11
65741.4
287.19558
47884.7
287.14257
200454.15
287.14256
287.4094
86265.6
287.10574
2706126.3
287.26397
287.5690
1602166.3
287.7736
47883.6
287.24687
312306.6
1421430.9
301.23
587851.15
287.24735
1294143.3
287.10002
287.11587
47878.3
287.5686
294.1012
287.13733
200450.8
287.8043
46679.5
287.10432
47885.7
1886807.3
287.3104
1437873.4
287.24743
287.19564
303.627
287.18688
287.5973
251722.36
1357074.3
287.27234
287.2965
287.6364
287.28380
1114970.3
303.751
69328.15
163011.6
317.661
303.799
47880.8
287.11749
47879.77
2842346.4
287.18287
2861799.3
1930532.3
303.1067
287.6492
303.749
1182590.12
1211579.3
287.11577
2083054.3
306.338
1150601.3
2842346.5
930166.18
312306.18
287.26013
1408275.3
287.28339
237609.16
47883.17
287.25798
76760.29
287.18281
76758.14
33069.101
1827300.3
2678256.3
287.27716
122355.10
287.27631
95301.3
515393.28
33069.93
587753.11
287.9872
306.337
287.11771
743720.3
287.10408
1881017.3
287.5752
300.96
287.26555
287.10575
208964.12
287.18284
287.19567
287.25804
287.14047
76758.5
287.12057
287.2558
287.28305
303.410
2684212.7
78327.52
287.25802
658642.3
287.9884
287.28463
287.28378
200454.14
287.5706
1448140.3
2842346.6
2681983.7
287.2551
47883.35
287.4462
76759.40
287.6799
2842348.3
1173270.3
287.10155
287.8053
303.903
380021.79
287.10402
1636610.3
287.7091
2073078.3
303.712
294.123
287.19556
287.7738
1352355.3
319939.31
1573719.4
287.15910
287.18293
287.27152
287.9073
2867409.3
287.15912
287.25708
287.5707
287.28328
1513890.16
587753.95
658632.3
287.14720
287.3868
287.11589
2054919.4
303.754
287.10407
287.24730
1495331.4
287.7037
287.14277
287.18279
1158200.3
287.18288
287.13734
303.1079
287.14258
287.19557
287.1997
287.28461
287.2570
2083053.3
287.15920
287.18647
86185.63
1408274.3
321846.3
287.18276
287.7099
287.24991
702115.3
287.25800
287.13269
287.28344
287.2561
2681983.3
994484.3
287.25803
395598.4
114707.162
587851.16
296.75
645292.3
287.11739
287.2542
287.11583
183795.36
287.4090
321.123
2169583.4
2126069.3
2587859.3
1513890.12
287.18278
219574.21
2799183.3
169669.6
587753.26
287.13732
287.4092
1408271.3
287.8922
147212.3
198620.11
287.9848
69328.3
287.27154
1583341.4
287.28320
287.11591
287.7086
287.11751
2842356.3
287.15252
287.15909
303.564
1408272.3
381754.6
317.854
287.2903
287.11748
287.7087
287.1485
208963.12
587753.81
157782.3
2604832.3
287.10566
287.24989
287.24982
287.7096
294.493
1245526.3
2678257.3
2049589.3
380021.109
86192.15
129817.4
287.10274
2045200.3
287.5778
2745482.9
2762577.4
287.24732
287.9355
1163398.13
2892442.3
244566.39
2842355.3
287.18273
1853130.6
287.5959
287.5748
2320867.3
287.2552
287.28327
287.26399
287.18300
287.6324
2597770.3
931281.3
2518644.3
321662.25
294.1018
652611.49
587753.93
75588.13
287.28318
198618.8
287.18298
294.840
587753.150
587753.90
287.9379
235275.6
287.27710
287.6323
208963.54
287.19571
47883.16
287.11550
287.24692
1513890.14
587753.158
287.26552
287.9870
287.27714
303.931
287.15917
587753.161
223283.9
287.24727
587753.159
287.11754
53707.12
287.2906
287.28313
300.19
287.2580
287.24744
319939.59
287.13708
86192.26
157783.3
587753.22
380021.164
287.28326
287.11742
1534110.3
200452.21
930166.19
287.27067
515393.3
287.28324
47878.18
1500686.3
303.546
287.18295
287.11600
76759.14
2505979.3
1274359.3
1283291.4
1441629.3
2662034.3
287.5971
882211.4
587753.165
2859001.3
198618.9
300.59
287.13260
287.1306
287.11740
287.28457
46257.19
47879.39
287.18296
47878.15
287.27153
287.27721
312306.7
2749807.4
2843611.3
658641.3
287.11189
2678258.3
1513890.11
294.711
1435044.3
244566.19
294.1078
47884.6
287.2555
2774459.3
294.402
2559074.3
1324932.3
294.201
2746321.3
287.25799
86192.17
287.2557
287.7038
287.19562
287.9882
2666183.73
294.946
2823875.3
47877.15
437900.15
53408.6
322.19
323.41
29438.35
287.7737
2599595.3
287.11065
287.2578
47883.14
287.28377
2725477.12
76760.17
663959.8
104087.9
1262350.4
287.3869
1981174.3
287.3878
287.13859
317.248
86192.31
287.24728
287.24987
76758.15
287.27715
287.2901
287.7735
658629.4
587753.154
303.411
287.25716
287.14743
287.28458
359110.7
485898.7
157782.18
2590776.3
287.26014
287.10399
554344.14
287.14732
287.11597
287.11738
287.7092
129140.15
287.11755
287.26038
652611.51
294.494
287.26553
287.18277
2565368.18
287.2658
321846.44
306.339
2730848.3
2320270.3
317.669
76759.43
2666183.37
910265.3
76761.16
287.18299
287.28333
287.27156
287.4463
321662.23
287.11601
287.14483
287.10401
1931241.3
1755504.3
587753.163
287.10573
287.13862
287.11602
587753.24
2842346.7
287.1494
287.13735
237610.17
287.25188
2731681.5
1037911.3
1149133.25
287.5753
287.26417
587753.149
303.506
287.13715
1173288.3
2697023.3
1611770.3
47879.40
287.28325
200450.3
1978467.3
1513890.15
1420599.3
287.14742
104087.12
198620.126
47878.31
470150.6
303.1013
287.11186
303.682
287.7740
287.18262
219572.3
2866277.3
287.2563
76761.48
1149133.19
287.18294
2067572.3
303.932
587753.155
587851.12
652611.54
317.584
1163396.5
319939.27
287.2560
587753.92
1095103.4
287.28307
294.463
317.662
2842346.8
2866278.3
2219225.50
300.108
287.1309
70775.4
303.984
380021.165
2816906.3
303.1066
399739.8
287.6480
287.15911
587851.17
1123015.3
287.14733
2812000.3
2867408.3
380021.104
303.1077
107445.4
2944234.3
1583341.15
294.212
287.15923
287.11599
29442.29
364197.3
573066.19
2813842.3
2219057.3
1855380.3
287.4621
1338689.3
200452.20
53407.10
294.1065
587753.164
1147787.3
287.2905
287.8919
192087.6
1424203.6
53407.25
2726989.3
287.8047
296.64
294.203
1898684.3
287.26401
2018067.3
287.26402
53409.9
1500687.3
587753.62
287.2973
76869.5
317.664
1245471.3
287.7052
2834406.3
287.26431
1173273.3
86192.20
2498848.3
287.8048
86192.19
2774873.3
321662.22
2005388.3
287.24758
287.11188
1093787.3
287.28559
2217867.3
2678259.3
2083051.3
287.5685
287.2562
287.11741
70775.49
1163398.15
321.139
78327.9
287.27632
103796.32
287.4464
287.7094
219574.20
2774460.3
2056231.5
587851.8
2729423.3
287.27150
294.224
303.723
53408.71
287.15851
287.28304
2759706.3
587851.21
287.9854
303.1080
287.10891
287.28340
287.14745
287.28330
321662.5
287.26097
2662033.3
287.26400
317.853
287.19465
587753.153
317.850
321846.32
287.15915
287.8054
2605424.4
2842350.3
191390.13
122355.17
264730.9
47880.132
1664860.5
33069.82
287.24703
287.24741
1279008.3
1332075.4
287.19555
1295141.9
78327.43
287.8049
287.28317
2815720.3
287.26429
2083055.3
2850559.4
1499664.3
287.2904
303.873
2811422.3
1215087.7
287.19189
303.1059
287.12049
78327.8
33069.81
1340851.3
287.15914
287.19560
287.24981
287.28376
287.11586
287.4461
323.34
1495066.8
2011015.8
287.25766
287.9422
287.8921
2777367.3
287.25801
294.923
287.28335
287.13857
287.11756
1395516.4
557722.4
76760.23
2939495.3
294.1096
287.11576
757414.9
741155.4
296.65
237609.3
287.28332
2842346.12
330.44
930166.142
2609418.3
2651048.3
2743971.3
287.8924
287.8925
1513890.10
287.18302
287.13863
587753.156
587753.162
287.24690
287.1484
287.9613
287.6376
287.9776
287.2967
287.18285
287.24984
930166.114
2479392.3
303.961
287.24733
587753.6
287.13706
1573718.4
150396.3
86192.14
2678261.3
2565368.19
287.11753
303.753
47883.15
1173284.3
160488.4
1916993.3
86192.27
2213015.4
303.689
587753.38
294.464
587753.60
317.849
1513890.9
78543.18
216142.3
287.28314
652611.53
757414.11
2748080.3
303.1025
380021.120
1628086.12
287.10406
287.19569
303.629
1415629.8
380021.81
1940636.7
253237.3
287.11590
33069.70
287.10628
1421430.4
287.27149
1038924.3
1259844.3
287.6365
287.13860
303.1006
1009714.25
652611.52
287.5751
86192.10
1649877.3
287.19470
1280938.3
287.2816
287.24729
1148509.5
2565368.5
287.12055
287.28336
287.9871
169669.16
587753.160
50340.51
587753.157
287.24742
287.28491
287.28341
103796.28
287.5749
1306993.14
2815936.3
287.11581
287.5750
287.18274
287.14804
1356855.3
2587863.3
287.27068
287.9378
287.2005
287.2549
76761.57
76758.16
2738843.3
287.13705
287.11552
1158200.4
36746.30
287.7098
200451.25
3020843.3
294.127
287.24689
294.930
287.14803
1282356.3
287.5972
237610.36
287.2908
303.1024
287.28301
1785145.9
287.28329
287.11750
287.13731
380021.106
651740.3
287.5689
587753.137
1415630.3
1408277.3
587753.147
294.284
287.27237
287.28569
33069.80
2842354.3
351746.6
103796.232
287.3101
219572.4
2653853.3
2864101.3
312306.11
303.650
287.5996
287.9615
294.831
587753.10
287.15853
287.19561
287.2670
2746701.3
43263.27
2201356.3
76758.11
303.451
287.2571
287.8044
36746.31
287.11582
2866626.3
287.4050
1037915.3
1215088.3
317.391
303.397
380021.107
1573711.4
380021.180
2213015.5
287.28455
287.13858
287.2553
1124983.3
287.26547
294.232
287.8055
103796.97
47880.10
287.27713
47880.53
287.7097
317.442
303.1026
2837969.3
287.28309
287.25715
1761895.3
287.6486
303.1027
287.15913
287.2550
1513890.13
287.24759
287.10405
303.790
287.5747
303.453
43263.42
380021.23
333.10
53707.33
287.19563
1354732.4
587753.151
380021.105
287.1308
2545800.3
287.19468
86192.23
287.8898
287.28310
287.19559
86192.6
321662.24
2842349.3
317.800
2219225.55
287.1307
587851.10
287.11063
86192.22
47883.29
287.24986
1283291.5
251701.5
205918.7
287.11553
303.610
1443105.4
287.13272
287.28558
2493633.5
46257.8
198618.3
47885.35
287.28568
321.258
103796.123
86185.62
294.454
287.28321
47883.13
287.5681
47879.71
287.5688
287.11588
53408.69
930166.116
287.24701
2219225.49
587753.25
287.4566
489632.27
220664.5
287.27709
287.13714
287.15922
1573714.4
287.26087
3019098.3
322535.4
294.428
287.11187
287.8051
287.27718
1457392.3
1513890.17
287.13844
287.24736
294.161
587753.59
287.28342
2052956.3
287.13699
86192.18
294.211
380021.80
287.14734
287.10157
360920.22
287.28379
53408.72
46680.51
287.10564
287.3741
1513890.7
47886.9
287.13270
652611.50
287.11578
296.7
2730850.3
2502979.4
287.2971
287.26096
658644.3
2479393.3
287.18275
294.809
380021.25
198620.5
294.550
287.19568
199201.5
287.26554
59511.33
47879.78
287.26098
287.10275
296.9
76760.24
287.19566
287.3867
216595.4
303.715
300.73
294.906
1367493.3
287.26398
1306993.17
317.422
303.1058
287.9857
658643.3
76758.26
303.509
1173283.3
2565368.4
287.15924
43263.36
587851.11
1499686.3
287.3877
287.13338
287.24734
287.2900
287.11595
1408273.3
287.28570
287.8035
1196325.12
287.28460
1367494.3
587753.166
287.24700
2730851.3
587753.63
76759.42
287.10273
587851.13
287.4623
2842346.9
287.2664
515393.22
287.2981
1880678.5
287.9074
287.11598
2614442.3
287.4624
1042876.5
294.888
287.10161
287.11130
78327.54
208964.479
2666183.42
287.6484
287.28343
287.15908
2842357.3
103796.33
2825975.3
1736226.4
287.19572
287.18687
287.1866
76758.17
287.11584
1427342.3
287.14719
287.6485
46257.20
287.27155
287.28316
287.4622
1435058.3
321.140
1513890.6
287.11744
303.1028
380021.101
287.28312
2664899.3
287.15907
287.10400
287.2548
380021.84
1001585.3
380021.108
287.5968
2749999.3
2730847.3
287.2902
303.1004
287.14744
46679.3
287.24731
1628086.3
489632.30
287.9883
287.24757
287.11585
118613.3
287.9775
287.13707
317.852
287.11580
323.42
