2480816.3
2480810.12
2571115.4
2571115.3
2480810.3
2480817.3
2480810.9
2480818.3
2480810.11
2480810.15
2527959.3
2480810.7
2480814.3
2480813.3
2480810.13
2480810.6
2480815.3
2480810.8
2480812.3
2480819.3
2480810.5
2480810.10
2480811.3
2480810.14
2527958.3
128785.21
2932492.3
128785.17
1871049.6
128785.26
128785.20
128785.18
128785.22
1736576.3
2923249.4
69284.4
69284.5
1871049.19
2769294.3
2769295.3
2769284.3
1690214.3
1664560.3
281701.17
1881042.3
1881044.3
1736574.3
2584942.3
2854775.3
2587011.3
69284.10
2782537.3
2769297.3
1045855.3
415229.5
415229.11
2137479.3
2969308.3
1881043.3
2493087.3
2493088.3
935851.3
314722.10
743721.3
2758562.3
2758562.4
266062.3
266062.4
935852.3
935566.3
283923.3
314722.6
266061.3
83619.4
1871049.20
428993.3
428993.5
1073196.3
1073196.4
344882.3
1503750.3
1453541.3
443615.3
1855303.3
377616.3
1383030.3
