1366050.3
105219.9
329.29
105219.17
105219.32
105219.63
190721.58
190721.7
190721.6
329.18
329.187
329.112
402626.5
428406.5
2842456.3
329.36
305.853
305.829
305.834
305.854
305.830
305.832
305.109
1262456.3
305.1318
305.895
2880989.3
305.886
305.828
305.826
305.833
1130828.6
305.840
305.838
305.849
305.843
305.851
305.852
305.847
305.839
305.118
1310165.86
305.493
1310165.88
305.514
305.511
305.501
305.503
305.1305
305.1309
305.497
1310165.87
305.510
305.512
305.495
305.513
305.879
305.861
305.827
305.860
305.1315
305.898
305.891
305.864
305.850
305.848
1310165.49
305.1278
305.999
305.554
305.855
305.846
305.837
305.842
305.841
305.845
305.844
305.1003
305.1316
305.441
305.394
305.772
305.774
305.773
305.836
305.857
305.835
305.831
305.856
305.516
305.334
305.1000
305.893
1429399.3
305.1317
2880990.3
2880988.3
305.1001
305.998
305.568
1310165.84
305.964
305.494
305.498
305.500
305.771
1310165.39
305.92
305.899
305.892
305.897
305.896
305.894
305.342
305.887
1310165.100
1310165.6
267608.8
1310165.7
859655.3
305.756
305.889
1310165.101
305.890
907261.4
28097.10
1310168.3
859657.5
305.496
305.492
28097.9
305.490
305.491
305.100
305.505
305.508
305.502
305.499
305.507
305.509
305.504
305.888
305.517
305.518
305.396
305.561
305.1358
305.562
305.1006
859656.5
859656.22
305.566
305.564
305.519
305.101
305.1005
305.102
305.815
305.565
305.563
1031711.3
564065.5
564065.7
305.762
305.96
305.1004
305.395
305.93
305.763
