386.189
1120045.9
1736592.3
387.284
384.1009
2135647.3
2849093.3
1703967.3
1986026.4
2819997.3
1535242.3
1378077.3
391.9
384.95
2819994.3
384.1004
386.180
1138194.8
1825933.3
384.21
1532558.3
648995.30
1736358.3
1435607.3
2817706.3
29449.15
648995.29
1368417.4
1703964.3
386.178
395492.8
1907413.3
754523.3
387.283
1566260.3
2613770.3
1703969.3
2819996.3
2940618.4
386.7
1703970.3
56730.5
2806346.3
387.29
387.281
384.1007
396.11
1805001.3
2048897.3
484088.4
1981173.3
1335060.3
2731112.3
2726076.3
1703966.3
1825934.3
1841653.4
1138189.13
1335060.80
29449.42
387.138
216596.11
379684.3
50338.8
1120688.3
1703961.3
1079460.3
1703968.3
2028343.3
2081791.3
2586991.3
648995.50
1703962.3
2845820.10
2813827.4
384.1006
363754.4
1312183.9
1736357.3
1560230.4
384.393
754764.3
2587071.3
1138190.4
754521.3
1432050.3
29449.24
754522.3
1500304.3
29449.23
1914541.5
1736380.3
396.10
398.14
2035449.3
754774.4
1735675.3
1571470.3
1418105.3
1432049.3
396.13
2613771.3
2819999.3
2135650.3
398.5
386.162
1041147.3
2603277.3
1736428.3
50338.5
2819993.3
387.285
2067451.4
56730.16
2813827.3
391.5
396.17
1736344.3
1855304.3
2785056.3
384.432
2937795.4
648995.24
396.21
395491.3
1538159.10
2267833.3
396.18
1144306.3
2795216.3
386.179
754774.3
1841654.4
2171756.3
387.286
348824.49
2731096.3
1736563.3
2291939.3
384.94
386.161
1368430.4
384.1005
1736577.3
1120045.6
387.275
348824.51
398.72
2590777.3
1869170.4
1736231.3
984260.6
936136.8
1138189.6
1523420.3
240521.3
384.1008
2183981.3
2364272.4
1907415.3
1408223.5
396.16
1184720.7
538025.6
396.19
1523429.3
648995.38
2018689.3
2653122.4
754762.3
396.12
1033991.3
396.20
1076926.3
385.8
990285.3
1500301.3
424182.3
396.112
648995.18
398.4
136098.3
1736548.3
384.18
2726075.3
396.14
1138189.12
386.163
1736278.3
2919917.3
384.894
386.182
1703960.3
2135652.3
387.282
1703971.3
491916.7
648995.32
1184720.6
293958.16
1566263.3
2583231.6
1736473.3
2895568.3
1764276.3
648995.12
398.16
385.7
1736312.3
908946.3
396.9
2182425.3
2815360.3
1841611.3
1538158.11
396.15
1223565.8
386.181
887144.4
698761.4
387.278
347834.17
451876.4
1328306.3
1184720.8
387.28
384.431
1752526.3
2364271.4
386.177
1703965.3
