2033438.3
911022.41
615.142
1758196.3
615.1292
615.102
615.105
615.974
82996.52
614.9
615.724
2785630.3
615.520
615.632
1006598.5
300181.154
615.636
615.1226
82996.61
300181.31
615.2544
615.98
615.1293
615.1234
615.654
615.1376
615.1269
614.159
300181.112
615.1294
614.8
61652.24
615.1462
2697369.3
615.141
768493.3
615.1125
615.976
1334564.4
911022.56
911022.50
615.2546
615.641
47917.12
615.1213
615.172
615.2237
615.2488
615.1228
458197.25
615.652
615.650
82996.56
615.519
911022.65
614.84
615.1163
615.364
82996.18
615.1295
615.2215
615.144
615.516
61652.34
615.522
300181.134
615.2554
1938820.3
911022.61
615.235
615.2556
911022.51
615.2550
615.977
615.978
1327989.4
435998.3
615.2173
615.518
615.2545
615.2489
615.2196
615.2494
911022.58
618.6
911022.57
47917.23
137545.8
47917.8
911022.43
137545.6
615.2239
911022.53
615.983
82996.33
615.523
615.2349
82996.66
82996.62
615.2214
615.1123
615.638
615.2232
615.2549
615.2495
911022.47
911022.45
61652.42
615.2551
911022.70
615.985
47917.30
2447890.3
615.2313
615.981
911022.42
614.79
1154756.11
458197.18
488142.4
911022.54
911022.64
615.1282
615.1233
615.2552
2485839.3
911022.52
615.2213
682634.4
911022.49
615.1345
615.439
300181.119
768490.3
615.984
2482769.3
300181.97
615.733
615.2312
615.525
47917.42
615.2547
47917.32
615.1371
911022.68
615.1121
2773264.3
911022.62
615.2490
615.1296
615.1746
47917.45
615.651
615.109
300181.32
615.2235
615.2236
1346614.3
911022.60
138074.32
300181.3
911022.69
615.526
82996.53
615.2553
104623.6
2448483.3
615.1291
82996.58
615.446
615.2548
82996.17
615.1122
82996.55
615.973
615.2555
615.1025
2741499.12
615.1124
911022.44
82996.45
911022.66
911022.32
82996.51
615.2350
42906.9
615.1717
615.517
768492.3
47917.96
2703793.5
1348660.3
2724469.3
28151.37
300181.137
61652.8
104623.3
2597702.3
82995.6
614.156
61651.3
82996.9
1249634.3
615.1370
615.524
615.521
615.979
61652.35
61652.43
911022.67
1401254.3
273526.11
615.631
615.2505
615.640
911022.46
61652.26
300181.136
300181.138
615.653
615.1119
911022.59
615.1118
615.734
399741.7
615.986
42906.11
911022.63
615.1421
615.980
911022.55
615.633
2420306.3
911022.48
82996.32
615.637
