1235461.3
382.1208
382.1218
928723.4
382.1195
382.1188
382.1186
382.168
382.1189
382.165
382.1203
382.1214
382.1211
382.238
382.164
382.1201
382.163
382.1213
382.233
382.1117
1230587.3
382.159
382.1202
382.1219
382.1112
382.1116
382.1130
382.232
382.1210
382.1209
382.1205
382.1215
382.1204
382.1217
382.1131
382.1207
707241.3
707241.23
382.160
382.1185
382.1184
382.1187
266834.11
1286640.3
382.166
382.1222
382.1122
382.1220
382.1166
382.1232
382.171
382.170
382.1212
382.167
382.52
382.1216
382.1221
382.1206
382.158
382.1169
382.162
382.1172
158892.3
382.161
1041154.3
935557.3
382.1126
2976820.3
2976821.3
2976819.3
2037901.3
1041151.3
110321.307
935563.3
110321.306
110321.251
110321.255
935558.3
935558.7
366394.8
110321.256
1041150.3
110321.253
110321.107
110321.252
110321.310
110321.74
110321.308
110321.309
110321.320
110321.84
110321.106
110321.103
110321.254
194963.24
194963.26
1408224.9
194963.34
794846.10
380.51
194963.32
1538174.3
1538168.3
194963.33
1185652.3
394.7
1128334.9
1128330.11
380.62
380.5
1128331.11
1842534.3
2613773.3
110322.4
110322.5
76747.3
382.381
1945861.3
