1969.6
1160718.9
54571.48
73044.12
2866715.3
2878388.11
73044.9
146923.5
1886.76
1333528.4
1901.25
58340.36
371608.7
1901.29
67260.4
1915.7
68203.14
2721244.3
2594456.3
1886.95
1783515.3
1226757.9
2738410.3
1888.31
2005885.3
862751.12
2594463.3
1837283.3
1642299.7
2898276.3
1916.15
35621.24
42881.4
132473.7
2751189.3
545123.5
206662.6
1914992.12
67351.12
1901.15
1725411.3
2203210.3
58346.16
67296.3
59299.27
2742133.3
1967.6
39478.4
1902.45
1901.32
1223307.4
67294.6
68203.13
1109743.5
1649184.3
2801030.3
1892.31
2099584.3
2759525.3
2809700.4
1901.33
1218177.7
54571.45
2083284.3
1972846.3
155177.3
2282738.3
2838015.3
33900.7
100226.137
2684468.3
465541.12
1886.153
48665.5
2742134.3
1969.8
2721245.3
436397.4
1522758.3
68175.4
2662065.3
2730915.3
1851167.4
1881022.3
75293.3
1907.4
1912.5
66892.7
53451.4
1751294.3
2136401.3
477245.3
1901.28
2750025.3
1886.66
2609809.3
2695266.3
2768066.3
2594454.3
1437453.6
2721243.3
68203.11
1886.8
2609808.3
188770.3
1926.3
1971.5
1901.22
42239.3
1413221.3
1434306.3
1218177.5
54571.11
68203.6
1054862.11
285578.13
68570.33
2781734.3
92644.3
1303692.3
2594457.3
1977088.4
38300.4
2293571.4
1038929.12
1476754.3
193462.5
284034.3
1916.16
1535768.3
2676871.3
2779671.3
1929477.3
1915.4
1885.4
68270.4
2768067.3
424188.3
1849967.7
68270.5
188770.6
1888.8
1901.9
2049881.3
1648182.5
316284.18
1915.8
2202000.4
66374.6
146922.15
2153485.3
67304.8
457428.16
2692234.3
1176198.4
2094021.4
2797636.3
28894.3
38300.11
68203.16
1919.19
1950.16
2211357.3
2305221.3
54571.16
2772432.3
40318.3
1886.94
2768068.3
68203.12
2742136.3
47760.6
227882.62
1905.9
2742137.3
591167.6
68179.3
54571.44
2748873.3
1214242.5
1940.3
2175864.3
2420135.5
285570.6
1920.4
2588707.3
1961713.3
1886.152
285578.12
58340.34
68232.3
2594458.3
1886.154
2059884.3
2717324.3
444103.5
132474.55
67294.3
2203205.3
2750011.3
1855352.4
1888.63
92644.9
1690221.3
2495589.3
2607753.3
1535304.3
2594455.3
2721173.3
47763.39
1901.26
1927.44
1928.32
68232.4
1854574.8
67367.6
1812480.3
476552.4
67258.28
1262452.3
2801031.3
67258.5
2762559.4
2782004.3
1616117.3
2721246.3
1888.43
1546107.4
1888.11
2763006.3
249586.4
68202.59
116188.4
2855836.3
67351.14
2726118.3
45398.5
2594460.3
2772433.3
1919.18
54571.49
285578.11
2506427.3
2072505.3
553510.3
1916.18
2305220.3
1901.23
54571.42
1077946.3
67258.32
2203204.3
68203.15
2594461.3
953739.44
45398.9
2585716.3
67258.29
1442032.3
1403539.3
67267.5
234612.4
1902.64
2582831.3
164348.7
40318.15
33899.19
264445.3
2594462.3
42684.11
67351.11
68214.14
2801033.3
2892996.3
47763.9
1893.7
54571.46
1616117.8
1901.31
1827580.3
1577075.3
1169025.9
2594459.3
51201.9
2563602.3
2099583.3
68570.5
83656.9
1935.7
36818.16
1901.27
953739.5
2686304.3
2840373.3
132474.54
2684469.3
1901.24
67263.32
1938841.3
67381.5
408015.13
455632.4
2705439.3
2662397.3
1892.26
68209.3
2838850.3
1265868.15
83656.11
2605730.3
54571.47
68249.6
1821625.3
132474.58
646637.3
67345.6
316280.3
665577.7
278992.5
1892.7
1642299.6
2184053.3
1561022.5
1306175.6
2714844.4
80860.3
2609807.3
173860.4
202862.4
749414.3
67351.13
1887.6
68570.35
47763.27
362257.4
2692233.3
2653200.3
47716.12
68202.83
2801029.3
457425.27
2825844.3
1906.17
2768069.3
1932.7
1343740.29
132474.56
2865673.3
2710756.3
1265601.4
2174846.3
1355015.12
285558.3
285558.4
319947.4
33900.17
403935.6
2742130.3
1888.61
443255.68
1265399.3
1890.28
2109593.3
114686.5
2692235.3
1888.64
1079985.11
33900.15
1912.57
2135430.3
1223523.8
2797167.3
1882757.3
2594453.3
1214101.3
54571.43
1888.4
67381.3
66425.3
1664033.3
2496836.3
66871.3
2306165.3
2831149.3
67258.4
1984801.3
1661694.4
2599401.3
