64187.581
129394.37
1358017.3
64187.631
340.371
487908.4
64187.658
64187.661
129394.45
64187.647
64187.78
2775162.3
366649.39
1365649.5
56455.11
611301.299
64187.562
64187.533
340.44
366649.40
473426.3
64187.632
64187.655
1150615.4
64187.531
129394.87
56448.150
325776.12
64187.227
2053930.13
317013.74
347.53
2775161.4
473422.7
487909.33
129394.43
195709.40
129394.93
347.20
64187.539
1680158.4
340.17
64187.572
69929.54
487909.29
64187.659
90270.23
487909.32
56458.42
29447.3
611301.14
134874.23
190485.4
56453.4
453602.37
487909.11
707209.10
129394.39
64187.556
707209.9
487821.32
64187.650
366649.30
64187.577
1358015.3
56464.5
129394.42
2053930.16
347.18
342109.8
2775159.3
317013.93
152263.10
343.46
64187.619
454594.23
487906.6
340.369
195709.39
64187.573
340.304
317013.84
134875.27
291331.8
487909.28
48664.137
2053930.4
64187.660
2750648.3
343.48
64187.662
64187.76
64187.75
86040.4
487909.21
48664.39
64187.633
473423.21
48664.40
611301.297
487821.33
1137651.4
2259622.7
473423.19
317013.83
76802.5
317013.40
473423.25
64187.534
456327.65
64187.82
64187.546
2775159.7
129394.74
509169.4
487838.8
487838.10
487907.5
347.19
487909.31
434928.55
611301.308
64187.79
434928.28
487821.16
2259622.4
340.358
64187.574
611301.194
359387.5
340.41
320326.7
56458.41
317013.78
64187.560
473423.23
64187.620
86040.54
325776.38
64187.548
347.32
64187.526
64187.578
473423.27
64187.570
611301.7
1094184.9
340.33
1458476.3
1304892.4
487838.6
64187.529
611301.302
56460.16
1365651.3
92826.4
314565.5
317013.9
64187.641
487905.4
487879.6
1308541.3
473423.24
1101443.3
360094.4
76802.21
340.40
2081477.3
48664.138
473421.16
129394.38
64187.623
346.26
487909.35
317013.89
611301.20
56458.37
343.47
1365648.13
611301.21
2053930.12
64187.561
64187.545
434928.40
340.313
86040.7
64187.622
611301.185
2259622.5
611301.13
69929.59
317013.81
487821.15
346.28
64187.646
434928.46
611301.9
64187.83
366649.32
134875.28
317013.90
64187.554
366649.47
317013.37
64187.527
611301.65
473421.39
317013.92
2053930.15
64187.77
64187.666
64187.563
1220028.3
90270.24
129394.40
76802.4
611301.303
134875.31
64187.649
195709.83
134875.37
1437881.8
487838.4
487838.17
129394.72
64187.553
43353.22
473421.17
1219375.3
64187.588
434928.4
487838.16
64187.580
339.50
56454.7
129394.41
56458.12
454594.22
129394.92
48664.41
316273.10
64187.576
2754057.3
48664.37
925775.5
990315.4
64187.81
981368.3
340.373
64187.535
64187.657
1401257.6
317013.38
56454.11
473423.20
473423.29
611301.67
64187.656
64187.654
64187.557
227946.26
340.34
611301.17
366649.38
366649.31
64187.293
56458.38
1365648.3
611301.15
134875.29
129394.44
340.305
487838.5
316273.25
487821.17
69929.58
76802.3
2259622.3
473421.20
64187.653
611301.8
64187.567
366649.37
64187.559
56454.3
611301.12
2775160.3
1437449.3
487838.7
1099789.6
340.359
2775159.6
473421.18
346.27
64187.665
2259622.6
340.368
487909.30
473423.18
340.366
347.21
611301.193
317013.39
487821.14
366649.50
2053930.11
317013.75
64187.566
92826.3
366649.49
134875.36
1220027.3
611301.22
64187.549
64187.621
64187.565
473421.21
86040.5
1261556.5
611301.66
611301.19
340.341
64187.532
1240239.3
56458.39
190486.7
29447.9
64187.642
2775159.8
64187.564
64187.648
86040.6
611301.298
611301.11
317013.76
611301.294
453602.36
340.340
473426.5
64187.568
487886.6
1358019.6
1437877.5
2754056.24
64187.536
92828.32
64187.558
473426.4
611301.295
611301.18
56448.149
2776703.3
611301.301
487838.9
434928.54
64187.571
340.370
473421.19
434928.53
195709.84
627605.3
29447.5
317013.91
64187.80
442694.374
29447.25
56454.10
453602.35
442694.63
325777.7
1358004.3
56458.34
1308548.3
64187.541
473423.26
339.219
487838.15
56448.158
56458.40
611301.16
64187.537
473421.40
69929.23
340.367
611301.10
611301.23
64187.569
64187.555
64187.575
2053930.14
129394.36
152263.14
317013.82
64187.530
340.16
195709.13
195709.92
473423.22
611301.296
434928.56
64187.663
134875.30
129394.94
92826.10
64187.664
64187.290
149696.4
473423.30
64187.579
473423.28
64187.540
340.15
359385.5
346.29
863365.4
48664.38
487909.22
64187.74
2724123.3
48664.148
346.23
195709.91
