2371.47
1444770.9
1444770.13
644356.23
2371.186
644357.49
788929.3
1444770.3
698414.7
2371.723
2371.719
2371.165
2371.189
644356.64
183190.5
2371.188
644356.67
644357.4
2371.167
644357.58
1211847.5
155920.8
2783797.7
1343737.3
644357.59
2371.721
1214121.5
644357.39
160492.11
644357.66
1445511.6
644356.61
2371.295
644357.64
2371.48
644357.47
2371.472
644357.48
644357.38
644357.40
2371.35
644357.46
644356.56
405440.5
644357.68
2783797.5
1267006.3
644356.49
2371.187
644357.69
644357.65
2371.190
644356.50
644356.51
644357.60
2783797.8
2371.720
2371.209
2783797.6
1401256.4
405441.5
644356.48
644356.35
644357.119
671135.4
2371.296
644356.60
644356.62
644357.118
2371.722
644356.3
644357.67
644356.65
2371.54
